-------MEASUREMENT DATA---------

Base.ply

ID : Dist [pointA][pointB]
M0 : 17.9755 [19.8652, 17.7826, 426.229] [12.2099, 3.13701, 419.156] 
M1 : 17.8295 [19.8697, 17.8083, 426.187] [13.1632, 17.9697, 409.668] 
M2 : 6.53269 [13.1632, 17.9697, 409.668] [10.9929, 11.82, 409.284] 
M3 : 13.2034 [10.9929, 11.82, 409.284] [12.2099, 3.13701, 419.156] 
M4 : 17.5699 [12.2212, 3.19283, 419.143] [13.1649, 17.9754, 409.694] 
M5 : 19.9856 [19.8697, 17.8083, 426.187] [10.9946, 11.8255, 409.309] 
M6 : 0.034857 [19.8518, 17.716, 426.245] [19.8495, 17.7085, 426.211] 
M7 : 0.0348272 [19.8631, 17.7642, 426.305] [19.8608, 17.7568, 426.271] 
